1,1,550,103,582,197,-1,-1,-1,-1
1,2,864,226,903,337,-1,-1,-1,-1
1,3,454,65,480,149,-1,-1,-1,-1
1,4,249,64,276,149,-1,-1,-1,-1
1,5,174,49,203,137,-1,-1,-1,-1
1,6,137,189,164,292,-1,-1,-1,-1
1,7,437,62,469,150,-1,-1,-1,-1
1,8,119,192,153,296,-1,-1,-1,-1
1,9,678,291,711,400,-1,-1,-1,-1
1,10,205,47,231,130,-1,-1,-1,-1
1,11,817,129,853,216,-1,-1,-1,-1
1,12,712,127,748,207,-1,-1,-1,-1
1,13,547,489,586,537,-1,-1,-1,-1
1,14,272,73,303,161,-1,-1,-1,-1
1,15,897,101,928,195,-1,-1,-1,-1
1,16,525,64,552,156,-1,-1,-1,-1
1,17,395,71,427,163,-1,-1,-1,-1
1,18,50,268,88,395,-1,-1,-1,-1
1,19,179,202,227,325,-1,-1,-1,-1
1,20,139,53,170,142,-1,-1,-1,-1
2,1,548,103,579,195,-1,-1,-1,-1
2,2,864,226,902,336,-1,-1,-1,-1
2,3,454,65,480,149,-1,-1,-1,-1
2,4,248,64,276,149,-1,-1,-1,-1
2,5,175,50,203,137,-1,-1,-1,-1
2,6,136,190,162,292,-1,-1,-1,-1
2,7,437,62,469,150,-1,-1,-1,-1
2,8,119,190,154,296,-1,-1,-1,-1
2,9,678,291,711,400,-1,-1,-1,-1
2,10,205,46,230,128,-1,-1,-1,-1
2,11,815,129,851,216,-1,-1,-1,-1
2,12,711,125,747,205,-1,-1,-1,-1
2,13,547,489,586,537,-1,-1,-1,-1
2,14,272,73,303,161,-1,-1,-1,-1
2,15,897,101,928,194,-1,-1,-1,-1
2,16,524,63,552,155,-1,-1,-1,-1
2,17,395,71,427,163,-1,-1,-1,-1
2,18,50,268,88,395,-1,-1,-1,-1
2,19,179,202,226,324,-1,-1,-1,-1
2,20,139,53,170,142,-1,-1,-1,-1
3,1,546,103,577,193,-1,-1,-1,-1
3,2,863,225,902,335,-1,-1,-1,-1
3,3,455,66,480,149,-1,-1,-1,-1
3,4,248,64,276,149,-1,-1,-1,-1
3,5,174,50,203,137,-1,-1,-1,-1
3,7,436,63,469,151,-1,-1,-1,-1
3,8,120,188,156,297,-1,-1,-1,-1
3,9,678,291,711,400,-1,-1,-1,-1
3,10,205,47,231,127,-1,-1,-1,-1
3,11,815,129,851,215,-1,-1,-1,-1
3,12,711,124,748,206,-1,-1,-1,-1
3,13,549,490,587,537,-1,-1,-1,-1
3,14,271,73,303,162,-1,-1,-1,-1
3,15,897,100,928,193,-1,-1,-1,-1
3,16,524,62,551,154,-1,-1,-1,-1
3,17,394,70,427,163,-1,-1,-1,-1
3,18,50,267,89,395,-1,-1,-1,-1
3,19,179,202,227,325,-1,-1,-1,-1
3,20,139,53,170,142,-1,-1,-1,-1
3,21,769,124,804,215,-1,-1,-1,-1
1,1,550,103,582,197,-1,-1,-1,-1
1,2,864,226,903,337,-1,-1,-1,-1
1,3,454,65,480,149,-1,-1,-1,-1
1,4,249,64,276,149,-1,-1,-1,-1
1,5,174,49,203,137,-1,-1,-1,-1
1,6,137,189,164,292,-1,-1,-1,-1
1,7,437,62,469,150,-1,-1,-1,-1
1,8,119,192,153,296,-1,-1,-1,-1
1,9,678,291,711,400,-1,-1,-1,-1
1,10,205,47,231,130,-1,-1,-1,-1
1,11,817,129,853,216,-1,-1,-1,-1
1,12,712,127,748,207,-1,-1,-1,-1
1,13,547,489,586,537,-1,-1,-1,-1
1,14,272,73,303,161,-1,-1,-1,-1
1,15,897,101,928,195,-1,-1,-1,-1
1,16,525,64,552,156,-1,-1,-1,-1
1,17,395,71,427,163,-1,-1,-1,-1
1,18,50,268,88,395,-1,-1,-1,-1
1,19,179,202,227,325,-1,-1,-1,-1
1,20,139,53,170,142,-1,-1,-1,-1
2,1,548,103,579,195,-1,-1,-1,-1
2,2,864,226,902,336,-1,-1,-1,-1
2,3,454,65,480,149,-1,-1,-1,-1
2,4,248,64,276,149,-1,-1,-1,-1
2,5,175,50,203,137,-1,-1,-1,-1
2,6,136,190,162,292,-1,-1,-1,-1
2,7,437,62,469,150,-1,-1,-1,-1
2,8,119,190,154,296,-1,-1,-1,-1
2,9,678,291,711,400,-1,-1,-1,-1
2,10,205,46,230,128,-1,-1,-1,-1
2,11,815,129,851,216,-1,-1,-1,-1
2,12,711,125,747,205,-1,-1,-1,-1
2,13,547,489,586,537,-1,-1,-1,-1
2,14,272,73,303,161,-1,-1,-1,-1
2,15,897,101,928,194,-1,-1,-1,-1
2,16,524,63,552,155,-1,-1,-1,-1
2,17,395,71,427,163,-1,-1,-1,-1
2,18,50,268,88,395,-1,-1,-1,-1
2,19,179,202,226,324,-1,-1,-1,-1
2,20,139,53,170,142,-1,-1,-1,-1
1,1,550,103,582,197,-1,-1,-1,-1
1,2,864,226,903,337,-1,-1,-1,-1
1,3,454,65,480,149,-1,-1,-1,-1
1,4,249,64,276,149,-1,-1,-1,-1
1,5,174,49,203,137,-1,-1,-1,-1
1,6,137,189,164,292,-1,-1,-1,-1
1,7,437,62,469,150,-1,-1,-1,-1
1,8,119,192,153,296,-1,-1,-1,-1
1,9,678,291,711,400,-1,-1,-1,-1
1,10,205,47,231,130,-1,-1,-1,-1
1,11,817,129,853,216,-1,-1,-1,-1
1,12,712,127,748,207,-1,-1,-1,-1
1,13,547,489,586,537,-1,-1,-1,-1
1,14,272,73,303,161,-1,-1,-1,-1
1,15,897,101,928,195,-1,-1,-1,-1
1,16,525,64,552,156,-1,-1,-1,-1
1,17,395,71,427,163,-1,-1,-1,-1
1,18,50,268,88,395,-1,-1,-1,-1
1,19,179,202,227,325,-1,-1,-1,-1
1,20,139,53,170,142,-1,-1,-1,-1
2,1,548,103,579,195,-1,-1,-1,-1
2,2,864,226,902,336,-1,-1,-1,-1
2,3,454,65,480,149,-1,-1,-1,-1
2,4,248,64,276,149,-1,-1,-1,-1
2,5,175,50,203,137,-1,-1,-1,-1
2,6,136,190,162,292,-1,-1,-1,-1
2,7,437,62,469,150,-1,-1,-1,-1
2,8,119,190,154,296,-1,-1,-1,-1
2,9,678,291,711,400,-1,-1,-1,-1
2,10,205,46,230,128,-1,-1,-1,-1
2,11,815,129,851,216,-1,-1,-1,-1
2,12,711,125,747,205,-1,-1,-1,-1
2,13,547,489,586,537,-1,-1,-1,-1
2,14,272,73,303,161,-1,-1,-1,-1
2,15,897,101,928,194,-1,-1,-1,-1
2,16,524,63,552,155,-1,-1,-1,-1
2,17,395,71,427,163,-1,-1,-1,-1
2,18,50,268,88,395,-1,-1,-1,-1
2,19,179,202,226,324,-1,-1,-1,-1
2,20,139,53,170,142,-1,-1,-1,-1
3,1,546,103,577,193,-1,-1,-1,-1
3,2,863,225,902,335,-1,-1,-1,-1
3,3,455,66,480,149,-1,-1,-1,-1
3,4,248,64,276,149,-1,-1,-1,-1
3,5,174,50,203,137,-1,-1,-1,-1
3,7,436,63,469,151,-1,-1,-1,-1
3,8,120,188,156,297,-1,-1,-1,-1
3,9,678,291,711,400,-1,-1,-1,-1
3,10,205,47,231,127,-1,-1,-1,-1
3,11,815,129,851,215,-1,-1,-1,-1
3,12,711,124,748,206,-1,-1,-1,-1
3,13,549,490,587,537,-1,-1,-1,-1
3,14,271,73,303,162,-1,-1,-1,-1
3,15,897,100,928,193,-1,-1,-1,-1
3,16,524,62,551,154,-1,-1,-1,-1
3,17,394,70,427,163,-1,-1,-1,-1
3,18,50,267,89,395,-1,-1,-1,-1
3,19,179,202,227,325,-1,-1,-1,-1
3,20,139,53,170,142,-1,-1,-1,-1
3,21,769,124,804,215,-1,-1,-1,-1
4,1,544,101,576,193,-1,-1,-1,-1
4,2,863,225,902,334,-1,-1,-1,-1
4,3,455,67,480,149,-1,-1,-1,-1
4,4,248,64,275,150,-1,-1,-1,-1
4,5,173,50,202,137,-1,-1,-1,-1
4,7,437,62,470,151,-1,-1,-1,-1
4,8,121,186,157,296,-1,-1,-1,-1
4,9,678,290,711,399,-1,-1,-1,-1
4,10,205,46,230,127,-1,-1,-1,-1
4,11,815,129,851,215,-1,-1,-1,-1
4,12,711,124,748,206,-1,-1,-1,-1
4,13,551,486,593,539,-1,-1,-1,-1
4,14,271,73,302,162,-1,-1,-1,-1
4,15,898,99,929,192,-1,-1,-1,-1
4,16,524,62,551,153,-1,-1,-1,-1
4,17,394,69,426,163,-1,-1,-1,-1
4,18,50,266,89,395,-1,-1,-1,-1
4,19,179,202,227,326,-1,-1,-1,-1
4,20,137,51,169,142,-1,-1,-1,-1
4,22,104,50,135,139,-1,-1,-1,-1
4,23,0,432,24,538,-1,-1,-1,-1
5,1,541,100,573,193,-1,-1,-1,-1
5,2,863,225,902,334,-1,-1,-1,-1
5,4,247,64,274,150,-1,-1,-1,-1
5,5,173,50,202,136,-1,-1,-1,-1
5,7,437,62,470,151,-1,-1,-1,-1
5,8,121,185,158,296,-1,-1,-1,-1
5,9,678,289,711,399,-1,-1,-1,-1
5,10,205,47,230,127,-1,-1,-1,-1
5,11,815,129,850,213,-1,-1,-1,-1
5,12,712,123,749,207,-1,-1,-1,-1
5,13,552,486,596,540,-1,-1,-1,-1
5,14,270,73,301,162,-1,-1,-1,-1
5,15,899,100,929,191,-1,-1,-1,-1
5,16,524,64,550,151,-1,-1,-1,-1
5,17,394,69,426,163,-1,-1,-1,-1
5,18,50,266,88,395,-1,-1,-1,-1
5,19,180,202,228,326,-1,-1,-1,-1
5,20,137,50,169,142,-1,-1,-1,-1
5,22,103,49,135,139,-1,-1,-1,-1
5,23,0,432,24,539,-1,-1,-1,-1
5,24,107,197,139,293,-1,-1,-1,-1
6,1,538,100,571,193,-1,-1,-1,-1
6,2,863,226,901,334,-1,-1,-1,-1
6,4,247,64,274,150,-1,-1,-1,-1
6,5,173,49,201,136,-1,-1,-1,-1
6,7,437,61,470,152,-1,-1,-1,-1
6,8,122,186,157,295,-1,-1,-1,-1
6,9,677,289,711,399,-1,-1,-1,-1
6,10,205,47,230,127,-1,-1,-1,-1
6,11,815,129,850,213,-1,-1,-1,-1
6,12,711,123,749,208,-1,-1,-1,-1
6,13,553,485,596,540,-1,-1,-1,-1
6,14,270,73,301,162,-1,-1,-1,-1
6,15,899,100,929,192,-1,-1,-1,-1
6,16,526,64,548,138,-1,-1,-1,-1
6,17,394,69,427,163,-1,-1,-1,-1
6,18,49,266,88,395,-1,-1,-1,-1
6,19,180,201,229,327,-1,-1,-1,-1
6,20,137,49,169,141,-1,-1,-1,-1
6,23,0,432,24,539,-1,-1,-1,-1
6,24,107,197,138,291,-1,-1,-1,-1
7,1,534,102,567,195,-1,-1,-1,-1
7,2,862,227,900,334,-1,-1,-1,-1
7,4,246,64,274,152,-1,-1,-1,-1
7,5,173,50,201,136,-1,-1,-1,-1
7,7,438,61,471,151,-1,-1,-1,-1
7,8,122,185,157,292,-1,-1,-1,-1
7,9,678,289,711,399,-1,-1,-1,-1
7,10,205,47,230,128,-1,-1,-1,-1
7,11,815,128,849,212,-1,-1,-1,-1
7,12,711,121,749,208,-1,-1,-1,-1
7,13,554,485,597,541,-1,-1,-1,-1
7,14,269,73,301,163,-1,-1,-1,-1
7,15,899,101,929,193,-1,-1,-1,-1
7,16,526,65,548,133,-1,-1,-1,-1
7,17,394,69,427,163,-1,-1,-1,-1
7,18,50,266,88,395,-1,-1,-1,-1
7,19,181,199,231,327,-1,-1,-1,-1
7,20,137,48,169,141,-1,-1,-1,-1
7,23,0,432,24,538,-1,-1,-1,-1
7,24,107,197,138,289,-1,-1,-1,-1
8,1,532,102,566,195,-1,-1,-1,-1
8,2,863,227,900,332,-1,-1,-1,-1
8,4,246,65,274,154,-1,-1,-1,-1
8,5,173,50,201,137,-1,-1,-1,-1
8,7,439,61,472,151,-1,-1,-1,-1
8,8,122,185,156,291,-1,-1,-1,-1
8,9,678,290,711,398,-1,-1,-1,-1
8,10,204,47,231,128,-1,-1,-1,-1
8,11,810,126,847,216,-1,-1,-1,-1
8,12,710,121,748,207,-1,-1,-1,-1
8,13,556,485,598,540,-1,-1,-1,-1
8,14,268,73,300,164,-1,-1,-1,-1
8,15,899,101,930,194,-1,-1,-1,-1
8,16,526,65,547,128,-1,-1,-1,-1
8,17,394,69,427,163,-1,-1,-1,-1
8,18,50,266,89,395,-1,-1,-1,-1
8,19,182,198,231,325,-1,-1,-1,-1
8,20,136,48,169,141,-1,-1,-1,-1
8,23,0,432,24,538,-1,-1,-1,-1
8,24,107,195,138,289,-1,-1,-1,-1
8,25,693,293,724,404,-1,-1,-1,-1
9,1,530,103,565,194,-1,-1,-1,-1
9,2,862,227,899,331,-1,-1,-1,-1
9,4,246,65,274,155,-1,-1,-1,-1
9,5,173,51,202,137,-1,-1,-1,-1
9,7,446,62,478,151,-1,-1,-1,-1
9,8,122,183,156,290,-1,-1,-1,-1
9,9,677,290,710,399,-1,-1,-1,-1
9,10,205,48,231,128,-1,-1,-1,-1
9,11,809,126,845,215,-1,-1,-1,-1
9,12,710,122,747,205,-1,-1,-1,-1
9,13,558,486,600,540,-1,-1,-1,-1
9,14,268,73,299,164,-1,-1,-1,-1
9,15,899,102,930,196,-1,-1,-1,-1
9,16,525,66,547,126,-1,-1,-1,-1
9,17,394,69,426,163,-1,-1,-1,-1
9,18,50,266,89,396,-1,-1,-1,-1
9,19,182,197,231,323,-1,-1,-1,-1
9,23,0,432,24,538,-1,-1,-1,-1
9,24,106,194,139,290,-1,-1,-1,-1
9,25,692,292,723,403,-1,-1,-1,-1
10,1,529,105,563,193,-1,-1,-1,-1
10,2,861,228,898,331,-1,-1,-1,-1
10,4,246,65,275,155,-1,-1,-1,-1
10,5,174,51,202,137,-1,-1,-1,-1
10,7,447,62,480,151,-1,-1,-1,-1
10,8,122,182,156,289,-1,-1,-1,-1
10,9,678,290,711,399,-1,-1,-1,-1
10,10,204,48,231,129,-1,-1,-1,-1
10,11,808,126,844,214,-1,-1,-1,-1
10,12,709,124,745,205,-1,-1,-1,-1
10,13,561,486,601,539,-1,-1,-1,-1
10,14,268,73,299,163,-1,-1,-1,-1
10,15,899,103,931,199,-1,-1,-1,-1
10,16,525,67,546,124,-1,-1,-1,-1
10,17,394,69,426,162,-1,-1,-1,-1
10,18,50,267,88,395,-1,-1,-1,-1
10,19,183,197,231,321,-1,-1,-1,-1
10,20,137,51,168,141,-1,-1,-1,-1
10,23,0,431,25,539,-1,-1,-1,-1
10,24,106,194,138,289,-1,-1,-1,-1
11,1,528,103,562,193,-1,-1,-1,-1
11,2,861,228,898,330,-1,-1,-1,-1
11,4,246,66,275,155,-1,-1,-1,-1
11,5,174,51,202,137,-1,-1,-1,-1
11,7,442,62,475,151,-1,-1,-1,-1
11,8,122,182,155,288,-1,-1,-1,-1
11,9,678,290,711,399,-1,-1,-1,-1
11,10,204,47,231,129,-1,-1,-1,-1
11,11,808,126,843,212,-1,-1,-1,-1
11,12,708,124,743,204,-1,-1,-1,-1
11,13,563,487,602,539,-1,-1,-1,-1
11,14,267,74,299,163,-1,-1,-1,-1
11,15,899,103,932,201,-1,-1,-1,-1
11,16,525,68,547,123,-1,-1,-1,-1
11,17,394,69,427,162,-1,-1,-1,-1
11,18,50,267,88,395,-1,-1,-1,-1
11,19,184,196,231,319,-1,-1,-1,-1
11,20,137,52,168,141,-1,-1,-1,-1
11,23,0,428,25,541,-1,-1,-1,-1
11,24,107,194,138,287,-1,-1,-1,-1
12,1,525,101,561,193,-1,-1,-1,-1
12,2,861,228,898,331,-1,-1,-1,-1
12,4,246,66,274,155,-1,-1,-1,-1
12,5,174,52,202,137,-1,-1,-1,-1
12,7,440,63,474,151,-1,-1,-1,-1
12,8,121,183,154,287,-1,-1,-1,-1
12,9,678,290,711,398,-1,-1,-1,-1
12,10,204,47,231,129,-1,-1,-1,-1
12,11,807,126,842,211,-1,-1,-1,-1
12,12,709,118,742,195,-1,-1,-1,-1
12,13,565,487,603,538,-1,-1,-1,-1
12,14,267,74,299,164,-1,-1,-1,-1
12,15,900,104,933,201,-1,-1,-1,-1
12,16,517,66,547,142,-1,-1,-1,-1
12,17,394,70,426,162,-1,-1,-1,-1
12,18,50,267,88,395,-1,-1,-1,-1
12,19,185,195,232,318,-1,-1,-1,-1
12,20,137,52,168,141,-1,-1,-1,-1
12,23,0,428,26,542,-1,-1,-1,-1
12,24,106,194,138,286,-1,-1,-1,-1
12,26,693,293,724,404,-1,-1,-1,-1
13,1,524,101,560,193,-1,-1,-1,-1
13,2,861,227,898,331,-1,-1,-1,-1
13,4,246,67,274,156,-1,-1,-1,-1
13,5,174,53,202,137,-1,-1,-1,-1
13,7,439,63,473,151,-1,-1,-1,-1
13,8,120,182,154,286,-1,-1,-1,-1
13,9,677,290,711,399,-1,-1,-1,-1
13,10,205,47,231,129,-1,-1,-1,-1
13,11,807,125,842,212,-1,-1,-1,-1
13,12,708,117,741,193,-1,-1,-1,-1
13,13,566,487,604,538,-1,-1,-1,-1
13,14,267,74,298,164,-1,-1,-1,-1
13,15,901,106,934,202,-1,-1,-1,-1
13,16,514,66,546,148,-1,-1,-1,-1
13,17,395,70,427,162,-1,-1,-1,-1
13,18,50,267,88,394,-1,-1,-1,-1
13,19,184,194,232,317,-1,-1,-1,-1
13,23,0,428,26,540,-1,-1,-1,-1
13,24,106,193,138,284,-1,-1,-1,-1
13,26,692,292,723,403,-1,-1,-1,-1
14,1,523,99,559,192,-1,-1,-1,-1
14,2,861,227,898,331,-1,-1,-1,-1
14,4,246,67,274,156,-1,-1,-1,-1
14,5,174,53,202,137,-1,-1,-1,-1
14,7,439,63,474,152,-1,-1,-1,-1
14,9,678,290,711,399,-1,-1,-1,-1
14,10,205,48,231,128,-1,-1,-1,-1
14,11,806,125,841,213,-1,-1,-1,-1
14,12,705,119,741,204,-1,-1,-1,-1
14,13,567,487,604,538,-1,-1,-1,-1
14,14,266,76,298,168,-1,-1,-1,-1
14,15,902,106,934,202,-1,-1,-1,-1
14,16,513,66,545,151,-1,-1,-1,-1
14,17,395,71,427,162,-1,-1,-1,-1
14,18,50,266,88,394,-1,-1,-1,-1
14,19,185,193,233,316,-1,-1,-1,-1
14,23,0,427,26,540,-1,-1,-1,-1
14,24,107,191,139,283,-1,-1,-1,-1
14,26,692,292,722,402,-1,-1,-1,-1
14,27,103,48,134,139,-1,-1,-1,-1
15,1,521,98,557,191,-1,-1,-1,-1
15,2,861,226,899,331,-1,-1,-1,-1
15,4,246,67,274,156,-1,-1,-1,-1
15,5,173,53,202,136,-1,-1,-1,-1
15,7,439,64,473,151,-1,-1,-1,-1
15,9,677,290,711,399,-1,-1,-1,-1
15,10,205,48,231,127,-1,-1,-1,-1
15,11,805,124,840,211,-1,-1,-1,-1
15,12,706,116,740,196,-1,-1,-1,-1
15,13,568,486,605,538,-1,-1,-1,-1
15,14,266,79,298,169,-1,-1,-1,-1
15,15,901,107,935,204,-1,-1,-1,-1
15,16,512,66,545,152,-1,-1,-1,-1
15,17,395,71,427,161,-1,-1,-1,-1
15,18,50,267,88,395,-1,-1,-1,-1
15,19,185,192,233,315,-1,-1,-1,-1
15,23,0,427,26,540,-1,-1,-1,-1
15,24,106,191,139,284,-1,-1,-1,-1
15,26,691,292,722,402,-1,-1,-1,-1
15,27,103,48,133,139,-1,-1,-1,-1
16,1,519,99,554,190,-1,-1,-1,-1
16,2,861,226,898,331,-1,-1,-1,-1
16,4,246,68,274,158,-1,-1,-1,-1
16,5,174,53,202,136,-1,-1,-1,-1
16,7,440,63,474,152,-1,-1,-1,-1
16,9,678,290,711,398,-1,-1,-1,-1
16,10,205,44,231,122,-1,-1,-1,-1
16,11,805,123,839,209,-1,-1,-1,-1
16,12,707,115,740,193,-1,-1,-1,-1
16,13,568,487,605,538,-1,-1,-1,-1
16,14,267,79,298,170,-1,-1,-1,-1
16,15,902,107,936,205,-1,-1,-1,-1
16,16,512,67,544,153,-1,-1,-1,-1
16,17,395,71,427,161,-1,-1,-1,-1
16,18,50,267,88,395,-1,-1,-1,-1
16,19,187,192,234,314,-1,-1,-1,-1
16,23,0,424,26,540,-1,-1,-1,-1
16,24,105,190,139,284,-1,-1,-1,-1
16,26,692,292,722,402,-1,-1,-1,-1
16,27,102,51,132,139,-1,-1,-1,-1
17,1,517,98,552,190,-1,-1,-1,-1
17,2,860,226,898,331,-1,-1,-1,-1
17,4,246,69,274,160,-1,-1,-1,-1
17,5,174,54,202,136,-1,-1,-1,-1
17,7,439,63,474,153,-1,-1,-1,-1
17,9,678,290,711,399,-1,-1,-1,-1
17,10,205,42,231,120,-1,-1,-1,-1
17,11,804,123,838,210,-1,-1,-1,-1
17,12,706,114,739,192,-1,-1,-1,-1
17,13,569,487,605,538,-1,-1,-1,-1
17,14,266,80,297,170,-1,-1,-1,-1
17,15,902,107,936,205,-1,-1,-1,-1
17,16,512,70,545,157,-1,-1,-1,-1
17,17,395,71,427,161,-1,-1,-1,-1
17,18,50,266,89,395,-1,-1,-1,-1
17,19,186,191,234,314,-1,-1,-1,-1
17,23,0,423,27,541,-1,-1,-1,-1
17,24,103,190,137,284,-1,-1,-1,-1
17,26,692,293,722,403,-1,-1,-1,-1
17,27,102,52,131,139,-1,-1,-1,-1
17,28,351,2,379,74,-1,-1,-1,-1
1,1,590,158,729,288,-1,-1,-1,-1
1,2,741,282,864,367,-1,-1,-1,-1
2,1,590,158,728,288,-1,-1,-1,-1
2,2,742,282,862,366,-1,-1,-1,-1
3,1,590,158,728,287,-1,-1,-1,-1
3,2,741,283,863,366,-1,-1,-1,-1
4,1,589,158,728,287,-1,-1,-1,-1
4,2,741,282,864,366,-1,-1,-1,-1
5,1,588,157,728,287,-1,-1,-1,-1
5,2,740,282,865,367,-1,-1,-1,-1
1,1,209,179,226,211,-1,-1,-1,-1
1,2,670,104,697,121,-1,-1,-1,-1
1,3,720,109,759,144,-1,-1,-1,-1
1,4,801,134,829,161,-1,-1,-1,-1
1,5,556,93,580,108,-1,-1,-1,-1
1,6,651,94,675,112,-1,-1,-1,-1
1,7,812,130,850,167,-1,-1,-1,-1
1,8,753,106,776,127,-1,-1,-1,-1
1,9,833,98,853,125,-1,-1,-1,-1
1,10,669,132,723,175,-1,-1,-1,-1
1,11,835,163,853,197,-1,-1,-1,-1
1,12,366,113,403,150,-1,-1,-1,-1
1,13,569,100,608,122,-1,-1,-1,-1
1,14,406,105,444,131,-1,-1,-1,-1
1,15,605,93,634,112,-1,-1,-1,-1
1,16,763,172,825,236,-1,-1,-1,-1
1,17,362,63,445,103,-1,-1,-1,-1
2,1,209,179,225,210,-1,-1,-1,-1
2,2,669,104,696,121,-1,-1,-1,-1
2,3,718,109,755,143,-1,-1,-1,-1
2,4,801,133,828,159,-1,-1,-1,-1
2,5,555,93,579,108,-1,-1,-1,-1
2,6,651,94,675,112,-1,-1,-1,-1
2,7,810,129,849,167,-1,-1,-1,-1
2,8,751,106,774,127,-1,-1,-1,-1
2,9,833,97,852,123,-1,-1,-1,-1
2,10,667,131,722,175,-1,-1,-1,-1
2,11,835,163,853,197,-1,-1,-1,-1
2,12,365,111,403,149,-1,-1,-1,-1
2,13,569,99,609,122,-1,-1,-1,-1
2,14,405,105,443,131,-1,-1,-1,-1
2,15,605,93,634,112,-1,-1,-1,-1
2,16,762,171,823,234,-1,-1,-1,-1
2,17,359,61,444,102,-1,-1,-1,-1
2,18,447,86,485,104,-1,-1,-1,-1
2,19,128,235,155,287,-1,-1,-1,-1
3,1,209,179,225,211,-1,-1,-1,-1
3,2,669,103,696,120,-1,-1,-1,-1
3,3,718,110,755,143,-1,-1,-1,-1
3,4,799,132,828,159,-1,-1,-1,-1
3,5,555,93,579,108,-1,-1,-1,-1
3,6,650,94,674,112,-1,-1,-1,-1
3,7,809,128,847,166,-1,-1,-1,-1
3,8,752,106,774,126,-1,-1,-1,-1
3,9,833,96,852,123,-1,-1,-1,-1
3,10,665,131,721,175,-1,-1,-1,-1
3,11,834,162,852,197,-1,-1,-1,-1
3,12,365,112,403,150,-1,-1,-1,-1
3,13,569,99,608,121,-1,-1,-1,-1
3,14,406,105,443,130,-1,-1,-1,-1
3,15,605,93,634,112,-1,-1,-1,-1
3,16,760,170,821,233,-1,-1,-1,-1
3,17,361,60,443,99,-1,-1,-1,-1
3,19,127,234,155,288,-1,-1,-1,-1
4,1,209,179,225,211,-1,-1,-1,-1
4,2,669,103,696,120,-1,-1,-1,-1
4,3,718,110,755,143,-1,-1,-1,-1
4,4,799,131,828,159,-1,-1,-1,-1
4,5,556,93,579,108,-1,-1,-1,-1
4,6,650,94,674,112,-1,-1,-1,-1
4,7,809,128,847,165,-1,-1,-1,-1
4,8,751,106,773,125,-1,-1,-1,-1
4,9,833,96,852,123,-1,-1,-1,-1
4,10,664,131,720,176,-1,-1,-1,-1
4,11,834,161,852,197,-1,-1,-1,-1
4,12,365,112,402,150,-1,-1,-1,-1
4,13,569,99,608,122,-1,-1,-1,-1
4,14,405,105,442,130,-1,-1,-1,-1
4,15,604,94,633,113,-1,-1,-1,-1
4,16,758,170,819,233,-1,-1,-1,-1
4,17,360,59,441,98,-1,-1,-1,-1
4,19,126,235,154,289,-1,-1,-1,-1
4,20,570,94,601,113,-1,-1,-1,-1
5,1,209,179,226,210,-1,-1,-1,-1
5,2,669,103,695,120,-1,-1,-1,-1
5,3,717,109,755,143,-1,-1,-1,-1
5,4,798,131,828,160,-1,-1,-1,-1
5,5,555,93,579,108,-1,-1,-1,-1
5,6,650,93,674,111,-1,-1,-1,-1
5,8,751,105,773,125,-1,-1,-1,-1
5,9,833,96,852,122,-1,-1,-1,-1
5,10,663,131,719,175,-1,-1,-1,-1
5,11,834,161,853,196,-1,-1,-1,-1
5,12,365,113,402,151,-1,-1,-1,-1
5,13,569,99,608,121,-1,-1,-1,-1
5,14,406,106,442,130,-1,-1,-1,-1
5,15,604,94,632,112,-1,-1,-1,-1
5,16,758,169,818,232,-1,-1,-1,-1
5,17,356,59,444,101,-1,-1,-1,-1
5,19,125,234,154,289,-1,-1,-1,-1
5,20,569,94,601,113,-1,-1,-1,-1
5,21,828,146,851,192,-1,-1,-1,-1
6,1,210,179,227,210,-1,-1,-1,-1
6,2,669,103,694,120,-1,-1,-1,-1
6,3,717,109,754,142,-1,-1,-1,-1
6,4,798,131,828,160,-1,-1,-1,-1
6,5,555,93,579,108,-1,-1,-1,-1
6,6,650,93,674,111,-1,-1,-1,-1
6,8,750,105,773,126,-1,-1,-1,-1
6,9,832,96,852,124,-1,-1,-1,-1
6,10,663,131,718,175,-1,-1,-1,-1
6,11,833,160,852,196,-1,-1,-1,-1
6,12,364,114,401,151,-1,-1,-1,-1
6,13,568,99,607,121,-1,-1,-1,-1
6,14,406,106,443,132,-1,-1,-1,-1
6,15,603,94,632,112,-1,-1,-1,-1
6,16,758,170,818,231,-1,-1,-1,-1
6,17,355,59,444,102,-1,-1,-1,-1
6,19,125,233,154,289,-1,-1,-1,-1
6,20,568,94,601,113,-1,-1,-1,-1
6,21,828,146,850,191,-1,-1,-1,-1
7,1,210,179,227,210,-1,-1,-1,-1
7,2,669,104,694,119,-1,-1,-1,-1
7,3,717,109,754,142,-1,-1,-1,-1
7,4,797,131,827,160,-1,-1,-1,-1
7,5,555,92,579,108,-1,-1,-1,-1
7,6,649,92,674,111,-1,-1,-1,-1
7,8,750,105,772,126,-1,-1,-1,-1
7,9,833,96,853,123,-1,-1,-1,-1
7,10,663,132,716,175,-1,-1,-1,-1
7,11,833,159,852,195,-1,-1,-1,-1
7,12,364,115,401,152,-1,-1,-1,-1
7,13,569,99,607,120,-1,-1,-1,-1
7,14,406,106,443,131,-1,-1,-1,-1
7,15,602,93,631,112,-1,-1,-1,-1
7,16,755,169,814,228,-1,-1,-1,-1
7,17,357,59,443,101,-1,-1,-1,-1
7,19,125,233,154,289,-1,-1,-1,-1
7,20,568,94,601,114,-1,-1,-1,-1
1,1,209,179,226,211,-1,-1,-1,-1
1,2,670,104,697,121,-1,-1,-1,-1
1,3,720,109,759,144,-1,-1,-1,-1
1,4,801,134,829,161,-1,-1,-1,-1
1,5,556,93,580,108,-1,-1,-1,-1
1,6,651,94,675,112,-1,-1,-1,-1
1,7,812,130,850,167,-1,-1,-1,-1
1,8,753,106,776,127,-1,-1,-1,-1
1,9,833,98,853,125,-1,-1,-1,-1
1,10,669,132,723,175,-1,-1,-1,-1
1,11,835,163,853,197,-1,-1,-1,-1
1,12,366,113,403,150,-1,-1,-1,-1
1,13,569,100,608,122,-1,-1,-1,-1
1,14,406,105,444,131,-1,-1,-1,-1
1,15,605,93,634,112,-1,-1,-1,-1
1,16,763,172,825,236,-1,-1,-1,-1
1,17,362,63,445,103,-1,-1,-1,-1
2,1,209,179,225,210,-1,-1,-1,-1
2,2,669,104,696,121,-1,-1,-1,-1
2,3,718,109,755,143,-1,-1,-1,-1
2,4,801,133,828,159,-1,-1,-1,-1
2,5,555,93,579,108,-1,-1,-1,-1
2,6,651,94,675,112,-1,-1,-1,-1
2,7,810,129,849,167,-1,-1,-1,-1
2,8,751,106,774,127,-1,-1,-1,-1
2,9,833,97,852,123,-1,-1,-1,-1
2,10,667,131,722,175,-1,-1,-1,-1
2,11,835,163,853,197,-1,-1,-1,-1
2,12,365,111,403,149,-1,-1,-1,-1
2,13,569,99,609,122,-1,-1,-1,-1
2,14,405,105,443,131,-1,-1,-1,-1
2,15,605,93,634,112,-1,-1,-1,-1
2,16,762,171,823,234,-1,-1,-1,-1
2,17,359,61,444,102,-1,-1,-1,-1
2,18,447,86,485,104,-1,-1,-1,-1
2,19,128,235,155,287,-1,-1,-1,-1
3,1,209,179,225,211,-1,-1,-1,-1
3,2,669,103,696,120,-1,-1,-1,-1
3,3,718,110,755,143,-1,-1,-1,-1
3,4,799,132,828,159,-1,-1,-1,-1
3,5,555,93,579,108,-1,-1,-1,-1
3,6,650,94,674,112,-1,-1,-1,-1
3,7,809,128,847,166,-1,-1,-1,-1
3,8,752,106,774,126,-1,-1,-1,-1
3,9,833,96,852,123,-1,-1,-1,-1
3,10,665,131,721,175,-1,-1,-1,-1
3,11,834,162,852,197,-1,-1,-1,-1
3,12,365,112,403,150,-1,-1,-1,-1
3,13,569,99,608,121,-1,-1,-1,-1
3,14,406,105,443,130,-1,-1,-1,-1
3,15,605,93,634,112,-1,-1,-1,-1
3,16,760,170,821,233,-1,-1,-1,-1
3,17,361,60,443,99,-1,-1,-1,-1
3,19,127,234,155,288,-1,-1,-1,-1
4,1,209,179,225,211,-1,-1,-1,-1
4,2,669,103,696,120,-1,-1,-1,-1
4,3,718,110,755,143,-1,-1,-1,-1
4,4,799,131,828,159,-1,-1,-1,-1
4,5,556,93,579,108,-1,-1,-1,-1
4,6,650,94,674,112,-1,-1,-1,-1
4,7,809,128,847,165,-1,-1,-1,-1
4,8,751,106,773,125,-1,-1,-1,-1
4,9,833,96,852,123,-1,-1,-1,-1
4,10,664,131,720,176,-1,-1,-1,-1
4,11,834,161,852,197,-1,-1,-1,-1
4,12,365,112,402,150,-1,-1,-1,-1
4,13,569,99,608,122,-1,-1,-1,-1
4,14,405,105,442,130,-1,-1,-1,-1
4,15,604,94,633,113,-1,-1,-1,-1
4,16,758,170,819,233,-1,-1,-1,-1
4,17,360,59,441,98,-1,-1,-1,-1
4,19,126,235,154,289,-1,-1,-1,-1
4,20,570,94,601,113,-1,-1,-1,-1
5,1,209,179,226,210,-1,-1,-1,-1
5,2,669,103,695,120,-1,-1,-1,-1
5,3,717,109,755,143,-1,-1,-1,-1
5,4,798,131,828,160,-1,-1,-1,-1
5,5,555,93,579,108,-1,-1,-1,-1
5,6,650,93,674,111,-1,-1,-1,-1
5,8,751,105,773,125,-1,-1,-1,-1
5,9,833,96,852,122,-1,-1,-1,-1
5,10,663,131,719,175,-1,-1,-1,-1
5,11,834,161,853,196,-1,-1,-1,-1
5,12,365,113,402,151,-1,-1,-1,-1
5,13,569,99,608,121,-1,-1,-1,-1
5,14,406,106,442,130,-1,-1,-1,-1
5,15,604,94,632,112,-1,-1,-1,-1
5,16,758,169,818,232,-1,-1,-1,-1
5,17,356,59,444,101,-1,-1,-1,-1
5,19,125,234,154,289,-1,-1,-1,-1
5,20,569,94,601,113,-1,-1,-1,-1
5,21,828,146,851,192,-1,-1,-1,-1
6,1,210,179,227,210,-1,-1,-1,-1
6,2,669,103,694,120,-1,-1,-1,-1
6,3,717,109,754,142,-1,-1,-1,-1
6,4,798,131,828,160,-1,-1,-1,-1
6,5,555,93,579,108,-1,-1,-1,-1
6,6,650,93,674,111,-1,-1,-1,-1
6,8,750,105,773,126,-1,-1,-1,-1
6,9,832,96,852,124,-1,-1,-1,-1
6,10,663,131,718,175,-1,-1,-1,-1
6,11,833,160,852,196,-1,-1,-1,-1
6,12,364,114,401,151,-1,-1,-1,-1
6,13,568,99,607,121,-1,-1,-1,-1
6,14,406,106,443,132,-1,-1,-1,-1
6,15,603,94,632,112,-1,-1,-1,-1
6,16,758,170,818,231,-1,-1,-1,-1
6,17,355,59,444,102,-1,-1,-1,-1
6,19,125,233,154,289,-1,-1,-1,-1
6,20,568,94,601,113,-1,-1,-1,-1
6,21,828,146,850,191,-1,-1,-1,-1
7,1,210,179,227,210,-1,-1,-1,-1
7,2,669,104,694,119,-1,-1,-1,-1
7,3,717,109,754,142,-1,-1,-1,-1
7,4,797,131,827,160,-1,-1,-1,-1
7,5,555,92,579,108,-1,-1,-1,-1
7,6,649,92,674,111,-1,-1,-1,-1
7,8,750,105,772,126,-1,-1,-1,-1
7,9,833,96,853,123,-1,-1,-1,-1
7,10,663,132,716,175,-1,-1,-1,-1
7,11,833,159,852,195,-1,-1,-1,-1
7,12,364,115,401,152,-1,-1,-1,-1
7,13,569,99,607,120,-1,-1,-1,-1
7,14,406,106,443,131,-1,-1,-1,-1
7,15,602,93,631,112,-1,-1,-1,-1
7,16,755,169,814,228,-1,-1,-1,-1
7,17,357,59,443,101,-1,-1,-1,-1
7,19,125,233,154,289,-1,-1,-1,-1
7,20,568,94,601,114,-1,-1,-1,-1
8,1,210,179,227,210,-1,-1,-1,-1
8,2,669,104,693,119,-1,-1,-1,-1
8,3,717,109,754,142,-1,-1,-1,-1
8,4,797,131,827,160,-1,-1,-1,-1
8,5,555,91,581,108,-1,-1,-1,-1
8,6,649,92,674,111,-1,-1,-1,-1
8,8,749,105,771,126,-1,-1,-1,-1
8,9,832,96,852,123,-1,-1,-1,-1
8,10,663,132,716,175,-1,-1,-1,-1
8,11,829,151,851,192,-1,-1,-1,-1
8,12,364,115,401,152,-1,-1,-1,-1
8,13,569,99,607,120,-1,-1,-1,-1
8,14,405,106,443,132,-1,-1,-1,-1
8,15,601,93,631,112,-1,-1,-1,-1
8,16,753,169,811,227,-1,-1,-1,-1
8,17,360,60,442,100,-1,-1,-1,-1
8,19,125,232,154,289,-1,-1,-1,-1
8,20,567,94,600,114,-1,-1,-1,-1
9,2,669,105,692,119,-1,-1,-1,-1
9,3,718,113,752,142,-1,-1,-1,-1
9,4,797,131,827,159,-1,-1,-1,-1
9,5,555,91,581,108,-1,-1,-1,-1
9,6,649,92,674,111,-1,-1,-1,-1
9,8,749,105,771,125,-1,-1,-1,-1
9,9,832,96,852,123,-1,-1,-1,-1
9,10,660,130,715,175,-1,-1,-1,-1
9,11,827,149,850,192,-1,-1,-1,-1
9,12,364,115,400,152,-1,-1,-1,-1
9,13,568,98,606,120,-1,-1,-1,-1
9,14,404,105,443,132,-1,-1,-1,-1
9,15,601,93,630,112,-1,-1,-1,-1
9,16,751,168,810,227,-1,-1,-1,-1
9,17,360,59,442,100,-1,-1,-1,-1
9,19,124,232,154,290,-1,-1,-1,-1
9,20,567,94,600,114,-1,-1,-1,-1
9,22,430,86,476,105,-1,-1,-1,-1
10,3,718,114,751,142,-1,-1,-1,-1
10,4,797,131,827,159,-1,-1,-1,-1
10,5,556,91,580,108,-1,-1,-1,-1
10,6,649,92,675,111,-1,-1,-1,-1
10,7,814,149,854,189,-1,-1,-1,-1
10,8,749,105,770,125,-1,-1,-1,-1
10,9,832,96,852,122,-1,-1,-1,-1
10,10,660,130,714,174,-1,-1,-1,-1
10,11,826,148,850,191,-1,-1,-1,-1
10,12,364,115,401,152,-1,-1,-1,-1
10,13,569,98,605,120,-1,-1,-1,-1
10,14,403,104,444,132,-1,-1,-1,-1
10,15,601,93,630,112,-1,-1,-1,-1
10,16,750,168,808,225,-1,-1,-1,-1
10,17,362,59,441,99,-1,-1,-1,-1
10,19,123,231,153,291,-1,-1,-1,-1
10,22,430,86,474,105,-1,-1,-1,-1
1,1,209,179,226,211,-1,-1,-1,-1
1,2,670,104,697,121,-1,-1,-1,-1
1,3,720,109,759,144,-1,-1,-1,-1
1,4,801,134,829,161,-1,-1,-1,-1
1,5,556,93,580,108,-1,-1,-1,-1
1,6,651,94,675,112,-1,-1,-1,-1
1,7,812,130,850,167,-1,-1,-1,-1
1,8,753,106,776,127,-1,-1,-1,-1
1,9,833,98,853,125,-1,-1,-1,-1
1,10,669,132,723,175,-1,-1,-1,-1
1,11,835,163,853,197,-1,-1,-1,-1
1,12,366,113,403,150,-1,-1,-1,-1
1,13,569,100,608,122,-1,-1,-1,-1
1,14,406,105,444,131,-1,-1,-1,-1
1,15,605,93,634,112,-1,-1,-1,-1
1,16,763,172,825,236,-1,-1,-1,-1
1,17,362,63,445,103,-1,-1,-1,-1
2,1,209,179,225,210,-1,-1,-1,-1
2,2,669,104,696,121,-1,-1,-1,-1
2,3,718,109,755,143,-1,-1,-1,-1
2,4,801,133,828,159,-1,-1,-1,-1
2,5,555,93,579,108,-1,-1,-1,-1
2,6,651,94,675,112,-1,-1,-1,-1
2,7,810,129,849,167,-1,-1,-1,-1
2,8,751,106,774,127,-1,-1,-1,-1
2,9,833,97,852,123,-1,-1,-1,-1
2,10,667,131,722,175,-1,-1,-1,-1
2,11,835,163,853,197,-1,-1,-1,-1
2,12,365,111,403,149,-1,-1,-1,-1
2,13,569,99,609,122,-1,-1,-1,-1
2,14,405,105,443,131,-1,-1,-1,-1
2,15,605,93,634,112,-1,-1,-1,-1
2,16,762,171,823,234,-1,-1,-1,-1
2,17,359,61,444,102,-1,-1,-1,-1
2,18,447,86,485,104,-1,-1,-1,-1
2,19,128,235,155,287,-1,-1,-1,-1
3,1,209,179,225,211,-1,-1,-1,-1
3,2,669,103,696,120,-1,-1,-1,-1
3,3,718,110,755,143,-1,-1,-1,-1
3,4,799,132,828,159,-1,-1,-1,-1
3,5,555,93,579,108,-1,-1,-1,-1
3,6,650,94,674,112,-1,-1,-1,-1
3,7,809,128,847,166,-1,-1,-1,-1
3,8,752,106,774,126,-1,-1,-1,-1
3,9,833,96,852,123,-1,-1,-1,-1
3,10,665,131,721,175,-1,-1,-1,-1
3,11,834,162,852,197,-1,-1,-1,-1
3,12,365,112,403,150,-1,-1,-1,-1
3,13,569,99,608,121,-1,-1,-1,-1
3,14,406,105,443,130,-1,-1,-1,-1
3,15,605,93,634,112,-1,-1,-1,-1
3,16,760,170,821,233,-1,-1,-1,-1
3,17,361,60,443,99,-1,-1,-1,-1
3,19,127,234,155,288,-1,-1,-1,-1
4,1,209,179,225,211,-1,-1,-1,-1
4,2,669,103,696,120,-1,-1,-1,-1
4,3,718,110,755,143,-1,-1,-1,-1
4,4,799,131,828,159,-1,-1,-1,-1
4,5,556,93,579,108,-1,-1,-1,-1
4,6,650,94,674,112,-1,-1,-1,-1
4,7,809,128,847,165,-1,-1,-1,-1
4,8,751,106,773,125,-1,-1,-1,-1
4,9,833,96,852,123,-1,-1,-1,-1
4,10,664,131,720,176,-1,-1,-1,-1
4,11,834,161,852,197,-1,-1,-1,-1
4,12,365,112,402,150,-1,-1,-1,-1
4,13,569,99,608,122,-1,-1,-1,-1
4,14,405,105,442,130,-1,-1,-1,-1
4,15,604,94,633,113,-1,-1,-1,-1
4,16,758,170,819,233,-1,-1,-1,-1
4,17,360,59,441,98,-1,-1,-1,-1
4,19,126,235,154,289,-1,-1,-1,-1
4,20,570,94,601,113,-1,-1,-1,-1
5,1,209,179,226,210,-1,-1,-1,-1
5,2,669,103,695,120,-1,-1,-1,-1
5,3,717,109,755,143,-1,-1,-1,-1
5,4,798,131,828,160,-1,-1,-1,-1
5,5,555,93,579,108,-1,-1,-1,-1
5,6,650,93,674,111,-1,-1,-1,-1
5,8,751,105,773,125,-1,-1,-1,-1
5,9,833,96,852,122,-1,-1,-1,-1
5,10,663,131,719,175,-1,-1,-1,-1
5,11,834,161,853,196,-1,-1,-1,-1
5,12,365,113,402,151,-1,-1,-1,-1
5,13,569,99,608,121,-1,-1,-1,-1
5,14,406,106,442,130,-1,-1,-1,-1
5,15,604,94,632,112,-1,-1,-1,-1
5,16,758,169,818,232,-1,-1,-1,-1
5,17,356,59,444,101,-1,-1,-1,-1
5,19,125,234,154,289,-1,-1,-1,-1
5,20,569,94,601,113,-1,-1,-1,-1
5,21,828,146,851,192,-1,-1,-1,-1
6,1,210,179,227,210,-1,-1,-1,-1
6,2,669,103,694,120,-1,-1,-1,-1
6,3,717,109,754,142,-1,-1,-1,-1
6,4,798,131,828,160,-1,-1,-1,-1
6,5,555,93,579,108,-1,-1,-1,-1
6,6,650,93,674,111,-1,-1,-1,-1
6,8,750,105,773,126,-1,-1,-1,-1
6,9,832,96,852,124,-1,-1,-1,-1
6,10,663,131,718,175,-1,-1,-1,-1
6,11,833,160,852,196,-1,-1,-1,-1
6,12,364,114,401,151,-1,-1,-1,-1
6,13,568,99,607,121,-1,-1,-1,-1
6,14,406,106,443,132,-1,-1,-1,-1
6,15,603,94,632,112,-1,-1,-1,-1
6,16,758,170,818,231,-1,-1,-1,-1
6,17,355,59,444,102,-1,-1,-1,-1
6,19,125,233,154,289,-1,-1,-1,-1
6,20,568,94,601,113,-1,-1,-1,-1
6,21,828,146,850,191,-1,-1,-1,-1
7,1,210,179,227,210,-1,-1,-1,-1
7,2,669,104,694,119,-1,-1,-1,-1
7,3,717,109,754,142,-1,-1,-1,-1
7,4,797,131,827,160,-1,-1,-1,-1
7,5,555,92,579,108,-1,-1,-1,-1
7,6,649,92,674,111,-1,-1,-1,-1
7,8,750,105,772,126,-1,-1,-1,-1
7,9,833,96,853,123,-1,-1,-1,-1
7,10,663,132,716,175,-1,-1,-1,-1
7,11,833,159,852,195,-1,-1,-1,-1
7,12,364,115,401,152,-1,-1,-1,-1
7,13,569,99,607,120,-1,-1,-1,-1
7,14,406,106,443,131,-1,-1,-1,-1
7,15,602,93,631,112,-1,-1,-1,-1
7,16,755,169,814,228,-1,-1,-1,-1
7,17,357,59,443,101,-1,-1,-1,-1
7,19,125,233,154,289,-1,-1,-1,-1
7,20,568,94,601,114,-1,-1,-1,-1
8,1,210,179,227,210,-1,-1,-1,-1
8,2,669,104,693,119,-1,-1,-1,-1
8,3,717,109,754,142,-1,-1,-1,-1
8,4,797,131,827,160,-1,-1,-1,-1
8,5,555,91,581,108,-1,-1,-1,-1
8,6,649,92,674,111,-1,-1,-1,-1
8,8,749,105,771,126,-1,-1,-1,-1
8,9,832,96,852,123,-1,-1,-1,-1
8,10,663,132,716,175,-1,-1,-1,-1
8,11,829,151,851,192,-1,-1,-1,-1
8,12,364,115,401,152,-1,-1,-1,-1
8,13,569,99,607,120,-1,-1,-1,-1
8,14,405,106,443,132,-1,-1,-1,-1
8,15,601,93,631,112,-1,-1,-1,-1
8,16,753,169,811,227,-1,-1,-1,-1
8,17,360,60,442,100,-1,-1,-1,-1
8,19,125,232,154,289,-1,-1,-1,-1
8,20,567,94,600,114,-1,-1,-1,-1
9,2,669,105,692,119,-1,-1,-1,-1
9,3,718,113,752,142,-1,-1,-1,-1
9,4,797,131,827,159,-1,-1,-1,-1
9,5,555,91,581,108,-1,-1,-1,-1
9,6,649,92,674,111,-1,-1,-1,-1
9,8,749,105,771,125,-1,-1,-1,-1
9,9,832,96,852,123,-1,-1,-1,-1
9,10,660,130,715,175,-1,-1,-1,-1
9,11,827,149,850,192,-1,-1,-1,-1
9,12,364,115,400,152,-1,-1,-1,-1
9,13,568,98,606,120,-1,-1,-1,-1
9,14,404,105,443,132,-1,-1,-1,-1
9,15,601,93,630,112,-1,-1,-1,-1
9,16,751,168,810,227,-1,-1,-1,-1
9,17,360,59,442,100,-1,-1,-1,-1
9,19,124,232,154,290,-1,-1,-1,-1
9,20,567,94,600,114,-1,-1,-1,-1
9,22,430,86,476,105,-1,-1,-1,-1
10,3,718,114,751,142,-1,-1,-1,-1
10,4,797,131,827,159,-1,-1,-1,-1
10,5,556,91,580,108,-1,-1,-1,-1
10,6,649,92,675,111,-1,-1,-1,-1
10,7,814,149,854,189,-1,-1,-1,-1
10,8,749,105,770,125,-1,-1,-1,-1
10,9,832,96,852,122,-1,-1,-1,-1
10,10,660,130,714,174,-1,-1,-1,-1
10,11,826,148,850,191,-1,-1,-1,-1
10,12,364,115,401,152,-1,-1,-1,-1
10,13,569,98,605,120,-1,-1,-1,-1
10,14,403,104,444,132,-1,-1,-1,-1
10,15,601,93,630,112,-1,-1,-1,-1
10,16,750,168,808,225,-1,-1,-1,-1
10,17,362,59,441,99,-1,-1,-1,-1
10,19,123,231,153,291,-1,-1,-1,-1
10,22,430,86,474,105,-1,-1,-1,-1
11,2,669,105,692,119,-1,-1,-1,-1
11,3,718,115,750,141,-1,-1,-1,-1
11,4,797,131,826,159,-1,-1,-1,-1
11,5,556,91,580,108,-1,-1,-1,-1
11,6,649,93,674,111,-1,-1,-1,-1
11,7,813,149,855,190,-1,-1,-1,-1
11,8,749,105,770,125,-1,-1,-1,-1
11,9,832,96,852,122,-1,-1,-1,-1
11,10,660,130,714,174,-1,-1,-1,-1
11,12,364,115,400,152,-1,-1,-1,-1
11,13,568,99,604,120,-1,-1,-1,-1
11,14,403,105,444,133,-1,-1,-1,-1
11,15,600,93,629,112,-1,-1,-1,-1
11,16,750,167,806,224,-1,-1,-1,-1
11,17,362,61,439,100,-1,-1,-1,-1
11,20,566,94,598,114,-1,-1,-1,-1
11,22,428,86,474,105,-1,-1,-1,-1
12,2,669,105,691,118,-1,-1,-1,-1
12,3,716,115,749,141,-1,-1,-1,-1
12,5,556,91,580,108,-1,-1,-1,-1
12,6,650,93,674,111,-1,-1,-1,-1
12,7,812,147,856,191,-1,-1,-1,-1
12,8,748,105,769,125,-1,-1,-1,-1
12,9,832,96,853,122,-1,-1,-1,-1
12,10,659,130,713,174,-1,-1,-1,-1
12,12,363,115,400,152,-1,-1,-1,-1
12,13,567,99,603,120,-1,-1,-1,-1
12,14,404,106,444,134,-1,-1,-1,-1
12,15,600,93,629,111,-1,-1,-1,-1
12,16,746,165,806,225,-1,-1,-1,-1
12,17,362,62,437,101,-1,-1,-1,-1
12,20,565,94,599,114,-1,-1,-1,-1
12,22,428,86,471,104,-1,-1,-1,-1
13,3,714,114,748,140,-1,-1,-1,-1
13,6,650,93,674,112,-1,-1,-1,-1
13,7,811,145,856,191,-1,-1,-1,-1
13,8,748,106,769,125,-1,-1,-1,-1
13,9,832,96,853,123,-1,-1,-1,-1
13,10,658,129,711,173,-1,-1,-1,-1
13,12,363,115,400,153,-1,-1,-1,-1
13,13,567,99,603,120,-1,-1,-1,-1
13,14,405,106,443,133,-1,-1,-1,-1
13,15,600,92,629,111,-1,-1,-1,-1
13,16,744,164,805,224,-1,-1,-1,-1
13,17,362,62,437,101,-1,-1,-1,-1
13,20,564,94,599,114,-1,-1,-1,-1
13,22,428,86,470,103,-1,-1,-1,-1
13,23,793,118,843,156,-1,-1,-1,-1
14,3,713,114,747,139,-1,-1,-1,-1
14,6,650,93,674,112,-1,-1,-1,-1
14,7,810,144,856,191,-1,-1,-1,-1
14,8,747,106,768,125,-1,-1,-1,-1
14,9,831,95,853,123,-1,-1,-1,-1
14,10,656,128,710,173,-1,-1,-1,-1
14,12,363,115,400,153,-1,-1,-1,-1
14,14,404,107,443,134,-1,-1,-1,-1
14,15,599,92,629,111,-1,-1,-1,-1
14,16,742,162,798,217,-1,-1,-1,-1
14,20,564,93,599,115,-1,-1,-1,-1
14,22,419,87,462,104,-1,-1,-1,-1
14,23,792,118,842,156,-1,-1,-1,-1
15,3,712,115,746,139,-1,-1,-1,-1
15,6,650,94,675,112,-1,-1,-1,-1
15,7,809,144,853,189,-1,-1,-1,-1
15,8,747,106,768,125,-1,-1,-1,-1
15,9,831,92,853,121,-1,-1,-1,-1
15,10,655,128,707,171,-1,-1,-1,-1
15,12,363,115,400,154,-1,-1,-1,-1
15,14,404,107,443,134,-1,-1,-1,-1
15,15,599,91,630,111,-1,-1,-1,-1
15,16,740,160,796,215,-1,-1,-1,-1
15,20,564,93,600,115,-1,-1,-1,-1
15,22,416,86,459,104,-1,-1,-1,-1
15,23,793,118,840,154,-1,-1,-1,-1
16,3,712,115,746,139,-1,-1,-1,-1
16,6,651,94,675,112,-1,-1,-1,-1
16,7,807,145,850,187,-1,-1,-1,-1
16,8,746,106,767,125,-1,-1,-1,-1
16,9,830,91,853,120,-1,-1,-1,-1
16,10,655,129,705,171,-1,-1,-1,-1
16,12,363,116,400,154,-1,-1,-1,-1
16,14,404,108,442,134,-1,-1,-1,-1
16,15,599,91,629,111,-1,-1,-1,-1
16,16,738,159,795,216,-1,-1,-1,-1
16,20,564,93,599,115,-1,-1,-1,-1
16,22,413,86,457,104,-1,-1,-1,-1
16,23,793,119,838,153,-1,-1,-1,-1
17,3,711,116,746,139,-1,-1,-1,-1
17,6,651,94,675,112,-1,-1,-1,-1
17,7,807,144,849,186,-1,-1,-1,-1
17,8,746,106,766,124,-1,-1,-1,-1
17,9,830,90,853,120,-1,-1,-1,-1
17,10,655,129,704,170,-1,-1,-1,-1
17,12,363,116,400,155,-1,-1,-1,-1
17,14,403,109,442,135,-1,-1,-1,-1
17,15,599,91,628,110,-1,-1,-1,-1
17,16,737,158,795,216,-1,-1,-1,-1
17,20,563,93,600,116,-1,-1,-1,-1
17,22,411,85,455,103,-1,-1,-1,-1
17,23,793,119,837,152,-1,-1,-1,-1
18,3,704,110,750,141,-1,-1,-1,-1
18,4,784,123,814,152,-1,-1,-1,-1
18,6,651,94,675,112,-1,-1,-1,-1
18,7,807,145,847,185,-1,-1,-1,-1
18,8,746,106,766,124,-1,-1,-1,-1
18,9,830,90,853,119,-1,-1,-1,-1
18,10,655,130,702,169,-1,-1,-1,-1
18,12,362,116,399,155,-1,-1,-1,-1
18,14,403,109,441,135,-1,-1,-1,-1
18,15,600,91,628,110,-1,-1,-1,-1
18,16,736,158,795,216,-1,-1,-1,-1
18,20,565,94,600,116,-1,-1,-1,-1
18,22,411,86,455,104,-1,-1,-1,-1
19,3,703,109,749,141,-1,-1,-1,-1
19,4,783,122,812,151,-1,-1,-1,-1
19,5,555,90,579,106,-1,-1,-1,-1
19,7,806,146,846,185,-1,-1,-1,-1
19,8,746,106,766,124,-1,-1,-1,-1
19,9,830,89,853,120,-1,-1,-1,-1
19,10,655,132,700,169,-1,-1,-1,-1
19,12,362,116,399,155,-1,-1,-1,-1
19,14,403,109,441,135,-1,-1,-1,-1
19,15,599,91,627,109,-1,-1,-1,-1
19,16,734,158,793,217,-1,-1,-1,-1
19,20,564,94,599,116,-1,-1,-1,-1
19,22,411,86,453,104,-1,-1,-1,-1
19,24,308,102,323,117,-1,-1,-1,-1
19,25,660,123,705,142,-1,-1,-1,-1
20,4,783,121,812,149,-1,-1,-1,-1
20,5,555,89,578,105,-1,-1,-1,-1
20,6,651,94,673,111,-1,-1,-1,-1
20,7,805,145,846,183,-1,-1,-1,-1
20,8,743,105,765,124,-1,-1,-1,-1
20,9,830,89,853,119,-1,-1,-1,-1
20,10,654,132,698,168,-1,-1,-1,-1
20,12,362,116,399,155,-1,-1,-1,-1
20,14,403,110,440,135,-1,-1,-1,-1
20,15,600,91,628,109,-1,-1,-1,-1
20,16,733,158,792,217,-1,-1,-1,-1
20,20,565,94,598,115,-1,-1,-1,-1
20,22,410,86,452,104,-1,-1,-1,-1
20,24,308,102,324,117,-1,-1,-1,-1
20,26,127,261,143,295,-1,-1,-1,-1
21,4,783,120,811,148,-1,-1,-1,-1
21,6,651,95,673,111,-1,-1,-1,-1
21,7,804,145,845,182,-1,-1,-1,-1
21,8,742,105,764,124,-1,-1,-1,-1
21,9,830,89,853,119,-1,-1,-1,-1
21,10,649,132,695,169,-1,-1,-1,-1
21,12,363,116,399,155,-1,-1,-1,-1
21,14,405,113,438,135,-1,-1,-1,-1
21,15,600,91,628,109,-1,-1,-1,-1
21,16,731,157,791,217,-1,-1,-1,-1
21,20,567,94,598,114,-1,-1,-1,-1
21,22,404,87,444,103,-1,-1,-1,-1
21,24,308,101,324,117,-1,-1,-1,-1
22,4,783,121,810,147,-1,-1,-1,-1
22,7,803,145,844,182,-1,-1,-1,-1
22,8,742,104,764,124,-1,-1,-1,-1
22,9,830,89,853,119,-1,-1,-1,-1
22,10,648,132,694,169,-1,-1,-1,-1
22,12,362,116,399,155,-1,-1,-1,-1
22,14,406,114,439,136,-1,-1,-1,-1
22,15,599,91,627,109,-1,-1,-1,-1
22,16,730,157,790,218,-1,-1,-1,-1
22,20,567,95,598,114,-1,-1,-1,-1
22,22,401,87,442,103,-1,-1,-1,-1
22,24,309,100,326,117,-1,-1,-1,-1
22,27,658,123,702,143,-1,-1,-1,-1
23,4,782,120,809,147,-1,-1,-1,-1
23,7,803,144,844,181,-1,-1,-1,-1
23,8,742,104,764,123,-1,-1,-1,-1
23,9,830,89,853,119,-1,-1,-1,-1
23,10,649,134,693,169,-1,-1,-1,-1
23,12,362,116,398,155,-1,-1,-1,-1
23,14,406,114,439,136,-1,-1,-1,-1
23,15,598,91,627,110,-1,-1,-1,-1
23,16,729,157,788,217,-1,-1,-1,-1
23,20,566,95,597,114,-1,-1,-1,-1
23,22,399,87,439,103,-1,-1,-1,-1
23,24,310,100,327,117,-1,-1,-1,-1
23,27,656,122,702,143,-1,-1,-1,-1
23,28,706,96,742,136,-1,-1,-1,-1
24,4,782,120,809,146,-1,-1,-1,-1
24,7,801,144,843,181,-1,-1,-1,-1
24,8,742,104,764,123,-1,-1,-1,-1
24,9,830,89,853,118,-1,-1,-1,-1
24,10,649,134,692,168,-1,-1,-1,-1
24,12,362,117,398,156,-1,-1,-1,-1
24,14,405,114,440,136,-1,-1,-1,-1
24,15,597,91,627,110,-1,-1,-1,-1
24,16,728,157,786,216,-1,-1,-1,-1
24,19,114,250,141,302,-1,-1,-1,-1
24,20,566,95,597,114,-1,-1,-1,-1
24,22,398,87,438,103,-1,-1,-1,-1
24,24,311,100,329,118,-1,-1,-1,-1
24,27,656,121,702,143,-1,-1,-1,-1
1,1,209,179,226,211,-1,-1,-1,-1
1,2,670,104,697,121,-1,-1,-1,-1
1,3,720,109,759,144,-1,-1,-1,-1
1,4,801,134,829,161,-1,-1,-1,-1
1,5,556,93,580,108,-1,-1,-1,-1
1,6,651,94,675,112,-1,-1,-1,-1
1,7,812,130,850,167,-1,-1,-1,-1
1,8,753,106,776,127,-1,-1,-1,-1
1,9,833,98,853,125,-1,-1,-1,-1
1,10,669,132,723,175,-1,-1,-1,-1
1,11,835,163,853,197,-1,-1,-1,-1
1,12,366,113,403,150,-1,-1,-1,-1
1,13,569,100,608,122,-1,-1,-1,-1
1,14,406,105,444,131,-1,-1,-1,-1
1,15,605,93,634,112,-1,-1,-1,-1
1,16,763,172,825,236,-1,-1,-1,-1
1,17,362,63,445,103,-1,-1,-1,-1
2,1,209,179,225,210,-1,-1,-1,-1
2,2,669,104,696,121,-1,-1,-1,-1
2,3,718,109,755,143,-1,-1,-1,-1
2,4,801,133,828,159,-1,-1,-1,-1
2,5,555,93,579,108,-1,-1,-1,-1
2,6,651,94,675,112,-1,-1,-1,-1
2,7,810,129,849,167,-1,-1,-1,-1
2,8,751,106,774,127,-1,-1,-1,-1
2,9,833,97,852,123,-1,-1,-1,-1
2,10,667,131,722,175,-1,-1,-1,-1
2,11,835,163,853,197,-1,-1,-1,-1
2,12,365,111,403,149,-1,-1,-1,-1
2,13,569,99,609,122,-1,-1,-1,-1
2,14,405,105,443,131,-1,-1,-1,-1
2,15,605,93,634,112,-1,-1,-1,-1
2,16,762,171,823,234,-1,-1,-1,-1
2,17,359,61,444,102,-1,-1,-1,-1
2,18,447,86,485,104,-1,-1,-1,-1
2,19,128,235,155,287,-1,-1,-1,-1
1,1,209,179,226,211,-1,-1,-1,-1
1,2,670,104,697,121,-1,-1,-1,-1
1,3,720,109,759,144,-1,-1,-1,-1
1,4,801,134,829,161,-1,-1,-1,-1
1,5,556,93,580,108,-1,-1,-1,-1
1,6,651,94,675,112,-1,-1,-1,-1
1,7,812,130,850,167,-1,-1,-1,-1
1,8,753,106,776,127,-1,-1,-1,-1
1,9,833,98,853,125,-1,-1,-1,-1
1,10,669,132,723,175,-1,-1,-1,-1
1,11,835,163,853,197,-1,-1,-1,-1
1,12,366,113,403,150,-1,-1,-1,-1
1,13,569,100,608,122,-1,-1,-1,-1
1,14,406,105,444,131,-1,-1,-1,-1
1,15,605,93,634,112,-1,-1,-1,-1
1,16,763,172,825,236,-1,-1,-1,-1
1,17,362,63,445,103,-1,-1,-1,-1
2,1,209,179,225,210,-1,-1,-1,-1
2,2,669,104,696,121,-1,-1,-1,-1
2,3,718,109,755,143,-1,-1,-1,-1
2,4,801,133,828,159,-1,-1,-1,-1
2,5,555,93,579,108,-1,-1,-1,-1
2,6,651,94,675,112,-1,-1,-1,-1
2,7,810,129,849,167,-1,-1,-1,-1
2,8,751,106,774,127,-1,-1,-1,-1
2,9,833,97,852,123,-1,-1,-1,-1
2,10,667,131,722,175,-1,-1,-1,-1
2,11,835,163,853,197,-1,-1,-1,-1
2,12,365,111,403,149,-1,-1,-1,-1
2,13,569,99,609,122,-1,-1,-1,-1
2,14,405,105,443,131,-1,-1,-1,-1
2,15,605,93,634,112,-1,-1,-1,-1
2,16,762,171,823,234,-1,-1,-1,-1
2,17,359,61,444,102,-1,-1,-1,-1
2,18,447,86,485,104,-1,-1,-1,-1
2,19,128,235,155,287,-1,-1,-1,-1
1,1,209,179,226,211,-1,-1,-1,-1
1,2,670,104,697,121,-1,-1,-1,-1
1,3,720,109,759,144,-1,-1,-1,-1
1,4,801,134,829,161,-1,-1,-1,-1
1,5,556,93,580,108,-1,-1,-1,-1
1,6,651,94,675,112,-1,-1,-1,-1
1,7,812,130,850,167,-1,-1,-1,-1
1,8,753,106,776,127,-1,-1,-1,-1
1,9,833,98,853,125,-1,-1,-1,-1
1,10,669,132,723,175,-1,-1,-1,-1
1,11,835,163,853,197,-1,-1,-1,-1
1,12,366,113,403,150,-1,-1,-1,-1
1,13,569,100,608,122,-1,-1,-1,-1
1,14,406,105,444,131,-1,-1,-1,-1
1,15,605,93,634,112,-1,-1,-1,-1
1,16,763,172,825,236,-1,-1,-1,-1
1,17,362,63,445,103,-1,-1,-1,-1
1,1,209,179,226,211,-1,-1,-1,-1
1,2,670,104,697,121,-1,-1,-1,-1
1,3,720,109,759,144,-1,-1,-1,-1
1,4,801,134,829,161,-1,-1,-1,-1
1,5,556,93,580,108,-1,-1,-1,-1
1,6,651,94,675,112,-1,-1,-1,-1
1,7,812,130,850,167,-1,-1,-1,-1
1,8,753,106,776,127,-1,-1,-1,-1
1,9,833,98,853,125,-1,-1,-1,-1
1,10,669,132,723,175,-1,-1,-1,-1
1,11,835,163,853,197,-1,-1,-1,-1
1,12,366,113,403,150,-1,-1,-1,-1
1,13,569,100,608,122,-1,-1,-1,-1
1,14,406,105,444,131,-1,-1,-1,-1
1,15,605,93,634,112,-1,-1,-1,-1
1,16,763,172,825,236,-1,-1,-1,-1
1,17,362,63,445,103,-1,-1,-1,-1
2,1,209,179,225,210,-1,-1,-1,-1
2,2,669,104,696,121,-1,-1,-1,-1
2,3,718,109,755,143,-1,-1,-1,-1
2,4,801,133,828,159,-1,-1,-1,-1
2,5,555,93,579,108,-1,-1,-1,-1
2,6,651,94,675,112,-1,-1,-1,-1
2,7,810,129,849,167,-1,-1,-1,-1
2,8,751,106,774,127,-1,-1,-1,-1
2,9,833,97,852,123,-1,-1,-1,-1
2,10,667,131,722,175,-1,-1,-1,-1
2,11,835,163,853,197,-1,-1,-1,-1
2,12,365,111,403,149,-1,-1,-1,-1
2,13,569,99,609,122,-1,-1,-1,-1
2,14,405,105,443,131,-1,-1,-1,-1
2,15,605,93,634,112,-1,-1,-1,-1
2,16,762,171,823,234,-1,-1,-1,-1
2,17,359,61,444,102,-1,-1,-1,-1
2,18,447,86,485,104,-1,-1,-1,-1
2,19,128,235,155,287,-1,-1,-1,-1
3,1,209,179,225,211,-1,-1,-1,-1
3,2,669,103,696,120,-1,-1,-1,-1
3,3,718,110,755,143,-1,-1,-1,-1
3,4,799,132,828,159,-1,-1,-1,-1
3,5,555,93,579,108,-1,-1,-1,-1
3,6,650,94,674,112,-1,-1,-1,-1
3,7,809,128,847,166,-1,-1,-1,-1
3,8,752,106,774,126,-1,-1,-1,-1
3,9,833,96,852,123,-1,-1,-1,-1
3,10,665,131,721,175,-1,-1,-1,-1
3,11,834,162,852,197,-1,-1,-1,-1
3,12,365,112,403,150,-1,-1,-1,-1
3,13,569,99,608,121,-1,-1,-1,-1
3,14,406,105,443,130,-1,-1,-1,-1
3,15,605,93,634,112,-1,-1,-1,-1
3,16,760,170,821,233,-1,-1,-1,-1
3,17,361,60,443,99,-1,-1,-1,-1
3,19,127,234,155,288,-1,-1,-1,-1
1,1,209,179,226,211,-1,-1,-1,-1
1,2,670,104,697,121,-1,-1,-1,-1
1,3,720,109,759,144,-1,-1,-1,-1
1,4,801,134,829,161,-1,-1,-1,-1
1,5,556,93,580,108,-1,-1,-1,-1
1,6,651,94,675,112,-1,-1,-1,-1
1,7,812,130,850,167,-1,-1,-1,-1
1,8,753,106,776,127,-1,-1,-1,-1
1,9,833,98,853,125,-1,-1,-1,-1
1,10,669,132,723,175,-1,-1,-1,-1
1,11,835,163,853,197,-1,-1,-1,-1
1,12,366,113,403,150,-1,-1,-1,-1
1,13,569,100,608,122,-1,-1,-1,-1
1,14,406,105,444,131,-1,-1,-1,-1
1,15,605,93,634,112,-1,-1,-1,-1
1,16,763,172,825,236,-1,-1,-1,-1
1,17,362,63,445,103,-1,-1,-1,-1
2,1,209,179,225,210,-1,-1,-1,-1
2,2,669,104,696,121,-1,-1,-1,-1
2,3,718,109,755,143,-1,-1,-1,-1
2,4,801,133,828,159,-1,-1,-1,-1
2,5,555,93,579,108,-1,-1,-1,-1
2,6,651,94,675,112,-1,-1,-1,-1
2,7,810,129,849,167,-1,-1,-1,-1
2,8,751,106,774,127,-1,-1,-1,-1
2,9,833,97,852,123,-1,-1,-1,-1
2,10,667,131,722,175,-1,-1,-1,-1
2,11,835,163,853,197,-1,-1,-1,-1
2,12,365,111,403,149,-1,-1,-1,-1
2,13,569,99,609,122,-1,-1,-1,-1
2,14,405,105,443,131,-1,-1,-1,-1
2,15,605,93,634,112,-1,-1,-1,-1
2,16,762,171,823,234,-1,-1,-1,-1
2,17,359,61,444,102,-1,-1,-1,-1
2,18,447,86,485,104,-1,-1,-1,-1
2,19,128,235,155,287,-1,-1,-1,-1
1,1,209,179,226,211,-1,-1,-1,-1
1,2,670,104,697,121,-1,-1,-1,-1
1,3,720,109,759,144,-1,-1,-1,-1
1,4,801,134,829,161,-1,-1,-1,-1
1,5,556,93,580,108,-1,-1,-1,-1
1,6,651,94,675,112,-1,-1,-1,-1
1,7,812,130,850,167,-1,-1,-1,-1
1,8,753,106,776,127,-1,-1,-1,-1
1,9,833,98,853,125,-1,-1,-1,-1
1,10,669,132,723,175,-1,-1,-1,-1
1,11,835,163,853,197,-1,-1,-1,-1
1,12,366,113,403,150,-1,-1,-1,-1
1,13,569,100,608,122,-1,-1,-1,-1
1,14,406,105,444,131,-1,-1,-1,-1
1,15,605,93,634,112,-1,-1,-1,-1
1,16,763,172,825,236,-1,-1,-1,-1
1,17,362,63,445,103,-1,-1,-1,-1
2,1,209,179,225,210,-1,-1,-1,-1
2,2,669,104,696,121,-1,-1,-1,-1
2,3,718,109,755,143,-1,-1,-1,-1
2,4,801,133,828,159,-1,-1,-1,-1
2,5,555,93,579,108,-1,-1,-1,-1
2,6,651,94,675,112,-1,-1,-1,-1
2,7,810,129,849,167,-1,-1,-1,-1
2,8,751,106,774,127,-1,-1,-1,-1
2,9,833,97,852,123,-1,-1,-1,-1
2,10,667,131,722,175,-1,-1,-1,-1
2,11,835,163,853,197,-1,-1,-1,-1
2,12,365,111,403,149,-1,-1,-1,-1
2,13,569,99,609,122,-1,-1,-1,-1
2,14,405,105,443,131,-1,-1,-1,-1
2,15,605,93,634,112,-1,-1,-1,-1
2,16,762,171,823,234,-1,-1,-1,-1
2,17,359,61,444,102,-1,-1,-1,-1
2,18,447,86,485,104,-1,-1,-1,-1
2,19,128,235,155,287,-1,-1,-1,-1
1,1,209,179,226,211,-1,-1,-1,-1
1,2,670,104,697,121,-1,-1,-1,-1
1,3,720,109,759,144,-1,-1,-1,-1
1,4,801,134,829,161,-1,-1,-1,-1
1,5,556,93,580,108,-1,-1,-1,-1
1,6,651,94,675,112,-1,-1,-1,-1
1,7,812,130,850,167,-1,-1,-1,-1
1,8,753,106,776,127,-1,-1,-1,-1
1,9,833,98,853,125,-1,-1,-1,-1
1,10,669,132,723,175,-1,-1,-1,-1
1,11,835,163,853,197,-1,-1,-1,-1
1,12,366,113,403,150,-1,-1,-1,-1
1,13,569,100,608,122,-1,-1,-1,-1
1,14,406,105,444,131,-1,-1,-1,-1
1,15,605,93,634,112,-1,-1,-1,-1
1,16,763,172,825,236,-1,-1,-1,-1
1,17,362,63,445,103,-1,-1,-1,-1
2,1,209,179,225,210,-1,-1,-1,-1
2,2,669,104,696,121,-1,-1,-1,-1
2,3,718,109,755,143,-1,-1,-1,-1
2,4,801,133,828,159,-1,-1,-1,-1
2,5,555,93,579,108,-1,-1,-1,-1
2,6,651,94,675,112,-1,-1,-1,-1
2,7,810,129,849,167,-1,-1,-1,-1
2,8,751,106,774,127,-1,-1,-1,-1
2,9,833,97,852,123,-1,-1,-1,-1
2,10,667,131,722,175,-1,-1,-1,-1
2,11,835,163,853,197,-1,-1,-1,-1
2,12,365,111,403,149,-1,-1,-1,-1
2,13,569,99,609,122,-1,-1,-1,-1
2,14,405,105,443,131,-1,-1,-1,-1
2,15,605,93,634,112,-1,-1,-1,-1
2,16,762,171,823,234,-1,-1,-1,-1
2,17,359,61,444,102,-1,-1,-1,-1
2,18,447,86,485,104,-1,-1,-1,-1
2,19,128,235,155,287,-1,-1,-1,-1
1,1,210,180,226,212,-1,-1,-1,-1
1,2,669,104,696,121,-1,-1,-1,-1
1,3,451,87,484,105,-1,-1,-1,-1
1,4,556,93,578,108,-1,-1,-1,-1
1,5,652,93,675,111,-1,-1,-1,-1
1,6,720,109,759,144,-1,-1,-1,-1
1,7,810,129,850,167,-1,-1,-1,-1
1,8,753,106,775,128,-1,-1,-1,-1
1,9,833,99,853,125,-1,-1,-1,-1
1,10,669,131,723,176,-1,-1,-1,-1
1,11,835,163,853,197,-1,-1,-1,-1
1,12,569,99,608,122,-1,-1,-1,-1
1,13,365,112,402,149,-1,-1,-1,-1
1,14,605,92,634,112,-1,-1,-1,-1
1,15,406,105,445,132,-1,-1,-1,-1
1,16,763,172,824,236,-1,-1,-1,-1
1,17,363,63,444,104,-1,-1,-1,-1
